13976788086
13876075003
18927686949
18927676949
13588266961
13962725888
13912040983
13912040982
13305213816
18252112003
13953492009
13929279862
18553481999
15826059485
13368211111
13436148344
18669868797
15858965555
13665873232
13802390643
13809005963
18350103032
13736169721
13888760940
15911663675
18608656777
13625372235
15120171616
13885209558
13852037501
13338965638
18956142888
15376019000
13650668991
13725662695
13500747846
18970227866
15806617567
18959816866
15159812188
15980335885
15160309998
18654661399
13767618878
18979480111
13916969328
13674149325
13778844882
13863534966
13505605846
13735326308
13701891966
13524407507
13070381373
13625189809
13815942088
15953999505
13308241763
13852485320
13395285181
15305211819
15308989680
13963074885
18028046625
13711116462
15915895220
17888032666
18289078981
13829254192
13701965212
13879086915
18994270279
13596956006
18032105888
15075427999
18616713801
13465395163
18864969533
13967176498
15081955421
18196606435
18755276295
15805201819
13917373458
13181743218
13181743217
15098727016
13750533896
15864856777
15893455938
15137596679
18637551199
18337551199
13645615555
15046563888
13774519283
13633789281
13803782265
13606315069
18028586732
13829716006
13560481315
18688451746
18816837310
15832838799
13808768598
15887354909
13916135306
18606340707
13563429007
13801784854
15221914721
13365338399
18892690088
13575678798
13967011181
13007009966
13907009966
18102396778
13562225916